84018
39438
78309
79844
91164
19755
33522
76822
27777
55396
47739
62887
36478
51340
95222
91619
63571
71729
14160
60696
1630
24288
13723
80417
15667
40094
12979
10880
99892
21825
51293
83911
61263
29603
63755
52428
49358
97277
29251
77135
52674
76991
40022
89152
28331
35245
80772
91902
6975
94932
52599
8605
19221
66322
89023
34889
6417
2002
45770
6309
23827
97063
90220
85091
26666
53976
37520
76024
51253
66772
53160
3928
43763
93183
93080
72095
28429
73853
63997
35404
68786
16597
44010
88007
82920
33033
22896
89337
35036
68666
95646
58864
65730
85867
43955
92396
39843
81476
68421
91097
48249
21582
95025
92012
14766
88106
64108
43195
61959
28105
78600
30745
44703
22610
18753
27623
55644
41650
16960
90680
10317
12607
49544
76047
98475
93500
68444
38318
74977
36866
29416
23226
58448
24441
15238
73214
12547
79347
16410
74507
7452
95010
5252
52156
17621
24006
79779
73265
65656
96740
63945
75973
9348
13490
52021
7823
6990
20465
46142
81967
57331
75558
5193
15780
99999
20432
88995
12546
99779
5405
87053
7232
416
92306
59389
18037
16313
39169
91302
81969
35909
55248
57942
45257
68738
9964
53080
75729
30429
99222
57697
87761
74780
62890
3542
74780
83323
92537
87327
83103
97943
74381
90336
98359
66688
49725
16396
83001
88894
7699
64970
24804
62947
22913
70061
31686
32877
23142
7416
63307
22365
65113
51068
97146
28004
54610
71926
11328
47148
59253
94431
45091
33635
84768
43451
323
34494
59848
83324
23389
67547
48295
48193
30495
71208
18255
62182
4086
41398
69598
67393
63764
34711
18462
60910
62715
73072
32837
74043
20221
92091
68475
65313
25726
53244
8764
26049
87738
68612
9374
11127
36160
57669
59321
66655
28877
77576
28837
32964
18975
98436
357
82739
33147
18820
43649
95863
91893
76487
69907
12114
68578
38383
77427
94305
91627
86191
20354
79365
54804
29728
90493
90964
87397
49814
57619
16275
27391
86457
49239
46366
84894
49597
29105
18042
68417
72755
13905
60310
49242
83813
72425
17820
22196
49852
12125
13823
36044
32480
93189
90848
62209
83682
81812
49607
33497
39432
65883
60888
25890
15122
7254
10784
64720
36359
28826
33138
9114
42732
93449
58357
26546
65874
76177
48742
15727
88303
62566
51771
20784
55756
42619
82993
39438
24432
32601
72936
63865
98484
33824
89756
13607
41078
540
78328
77438
29367
11466
86553
72100
4916
44910
98646
70790
21088
47389
86518
9391
9955
38289
30176
65711
80909
13170
5150
5342
45771
78086
69207
44256
11911
58963
57863
52989
59504
36191
30428
88872
47658
16982
60972
52574
61892
59619
23365
82980
7009
9883
92372
16964
48173
22549
82676
29082
35719
87827
34425
81490
65914
3632
25746
77825
62596
83610
30815
22100
19802
61244
10973
67460
78226
71946
20035
40118
31565
43400
23099
38574
53284
15472
55539
1457
38021
38216
30540
73740
26044
64965
55231
91959
68598
80978
69784
31195
64588
600
53295
84390
61844
64269
51851
40070
36215
71886
80189
67781
15287
3289
6356
68572
18761
61895
70030
56783
112
570
30523
26157
65536
85755
18116
34135
66734
87900
65330
31322
88501
18626
15713
50346
82895
67565
90417
19111
39452
70606
86892
54739
73895
93248
23311
92657
55144
93342
49440
55256
93912
79964
81413
59449
65720
99529
93585
32454
87430
58915
63777
75932
77542
79491
26278
60437
47056
16695
79549
86508
87302
66441
41248
61198
59689
64560
53855
14834
57902
3296
70091
51815
83260
51504
11264
48981
51034
4849
81435
38465
63765
45212
14398
41307
24703
40676
1745
71759
57372
81294
58268
44674
47736
99516
5872
7426
64076
59727
22260
21978
63024
92351
73793
46285
43856
85058
95266
94891
89908
76701
33356
53674
21913
47755
94982
46616
88431
96727
18376
45803
78022
76644
90478
25758
76161
96350
33184
40237
56078
55444
62216
19102
47796
36010
65387
91652
21069
60654
86543
10977
37355
19900
64652
59269
67655
59634
5886
56087
56361
24262
1891
34384
907
92369
60142
77068
88719
93327
17306
44798
48772
79523
63900
96568
15533
29288
88220
36602
89943
74763
47580
27298
94664
12232
86567
62319
71866
92453
18406
28228
16716
20297
62612
17623
12666
22755
94692
1386
16082
11998
46184
64854
91522
10085
61422
7055
39374
49643
43658
29317
24406
91239
56616
19070
3471
43184
81390
75338
35638
99796
3566
52354
20094
66179
69978
32761
88934
64671
34148
5016
76670
80333
69871
68192
90418
31293
75247
29793
80937
18906
59111
5343
10145
15727
24414
13617
58911
5805
88955
94550
5602
92521
46905
25696
58701
16883
58458
47635
81554
92606
52652
58225
72939
22523
26417
63358
53817
1665
93151
34754
20571
52262
40098
30716
67990
64513
44333
26902
70318
33289
21452
75920
25811
68357
1617
84512
85241
60076
32147
66796
52683
84800
25021
25622
7323
51438
88981
61141
53103
82133
95895
73674
34395
35994
4391
2386
507
48725
29288
70826
82014
50740
46747
7825
19098
48364
92338
4339
8441
24485
71135
61124
9285
96156
86746
16609
47594
75728
77750
698
57861
73646
74372
92257
9640
78764
94643
10148
27489
23932
80974
9504
74673
27721
17330
93771
76086
9668
98110
84527
34153
69246
45651
43439
65402
32398
60049
12997
8126
37799
13695
65987
11445
88068
58244
21086
66832
52888
31234
94322
76820
12208
3826
51493
39929
21156
45264
16016
30824
43375
543
64978
12622
46194
8418
78025
78593
68467
91022
86719
6267
4718
52707
17713
92786
10952
38799
59619
63840
70033
53941
40661
82242
57767
92155
22172
78924
37420
38188
9749
80795
38732
74727
93418
84927
83146
71443
63520
51613
62465
50240
57881
67184
2947
75594
59970
13900
14394
19589
77741
84428
73531
18402
66670
31298
10557
88843
10223
47977
27032
19972
28773
65764
94700
22191
50691
77846
93634
14211
29460
56100
64451
87341
23284
67399
62935
83255
81299
77330
2845
59040
61758
76376
77443
28428
7675
88000
17272
17898
35978
44304
37871
64752
10068
32571
86943
60760
10417
80578
74971
39877
36679
39423
27218
59964
6823
90154
43219
88123
67484
46065
47163
29243
22441
24607
57672
30116
12607
74944
48015
48586
19248
85886
13338
29317
18457
282
90077
28875
80861
65049
68752
17541
4472
95971
77505
11296
86126
20725
99419
53611
66790
46583
82854
89232
71190
40526
19349
83798
15471
67364
32385
34719
53251
45723
64036
71709
46006
54113
584
26868
19163
69337
44409
23635
65308
21915
34932
51435
42641
34352
5046
9431
80935
87901
98664
52126
28427
18013
35924
43899
85378
68309
78618
38629
14033
42655
10339
60040
96769
10923
86908
15932
80260
31318
39568
45569
53234
74500
97004
95875
8852
2050
5307
89788
89952
3971
41914
18380
21985
77839
62279
7363
46148
40897
45993
60182
83553
56332
20223
80322
67256
7132
96255
47516
38450
35823
93085
91685
10324
90089
87560
19177
92140
92867
8965
82092
96839
50879
472
18824
28718
62751
26188
74867
3649
72182
35050
87202
28514
55273
67525
95770
62405
63780
43287
856
99604
36372
92541
9928
26462
80102
29105
18602
72970
38071
695
69809
88951
1168
88634
17670
63919
14823
92537
67569
87005
27588
54772
15520
82862
22297
11291
45268
86078
54578
46124
85682
90951
38666
95611
17413
18769
24716
36016
91739
62787
36711
61549
51739
37879
50183
69409
1799
65006
61946
69369
52011
89535
24141
67532
72397
46439
78823
17665
32517
33401
63790
18200
24352
2457
13811
41766
21226
38528
77782
12966
1316
14494
74515
53055
52374
24698
22464
54174
89705
84411
23543
41717
73946
47685
9249
46344
94124
88072
64009
26641
21474
27800
44842
45826
30258
58653
87593
51484
97181
65375
64451
98497
79870
38966
51553
32245
63665
74017
86419
53371
58428
9962
95088
32375
57647
4337
78719
51772
92410
42729
78414
13884
70529
23256
59711
788
81910
47304
52272
79091
12680
16724
77589
92551
55690
29143
24796
19356
3160
11215
72727
61589
21178
67816
93964
78826
72154
72684
30598
64564
15414
9012
78448
85944
32269
38160
86732
14179
85464
39005
93271
98145
55729
70861
90696
11419
4
15492
30776
3165
26708
3503
64754
47886
71319
58719
26713
43473
31404
57312
8038
46818
66325
86487
32762
98594
24647
19494
12774
10112
58499
6045
8257
14228
76907
98954
25648
76912
14446
56425
80077
41155
59929
44832
89042
31249
3551
15755
74723
34956
73067
82761
81774
39392
69248
14537
37987
93896
34032
50761
4008
92531
56807
12266
6760
33715
11220
32409
10627
25667
88834
90704
66822
48763
35536
55864
80012
39088
71619
54735
74045
44687
37497
55819
84080
6746
70357
22067
642
4389
72829
4651
96920
29637
16917
3681
63352
28138
36091
73979
53805
24926
64684
20627
73690
220
76492
53703
39309
48112
8439
13354
92800
45936
69174
76880
52682
39531
98948
53325
43920
71777
57976
40841
1415
74894
44523
64767
3032
80614
38746
56837
5541
3430
77465
79231
3651
53958
32934
42961
2070
41373
56316
94870
87309
25490
71751
39992
65022
70699
93317
8942
42477
51294
49784
43892
26188
94308
8659
29220
74923
47406
86058
80464
50836
63524
59695
54488
17483
92629
97449
19553
34002
53765
14424
21312
79256
86175
61304
44278
56875
54622
53221
99352
5916
3006
43245
32104
97314
51904
61325
72237
99311
47384
52701
50147
10908
12396
4636
28391
5026
2086
47945
39028
55852
62370
60341
35108
48546
21645
79387
5421
76267
32609
4774
82184
35616
48019
14288
32930
99924
75614
5168
99235
22998
57870
49383
33907
70267
54019
62298
75293
56106
10244
14322
11958
72614
74663
47067
21160
96309
26455
26581
72577
59064
31356
54761
94681
79375
69050
27611
79299
44664
32780
78534
67662
90650
27917
1569
60917
81937
63868
36211
38043
74112
50533
50001
46727
25197
97069
67887
21506
23524
94469
94083
82589
25825
48844
77270
5201
17895
4882
84500
62559
37663
63035
30222
28313
90952
31792
89231
72890
95661
25443
10933
69774
75977
60935
16501
1174
58004
84389
22681
81529
78859
16764
64118
4684
65609
41389
9885
83505
46271
94386
46064
83935
57421
76287
12248
48374
8079
1480
21264
3740
26923
32198
73514
2901
93133
90016
4075
51138
74405
26756
32667
53264
43521
96786
57949
9131
38176
67835
92636
84448
62221
38701
68383
19642
14988
80632
68017
23067
82112
89281
26808
9036
21479
323
11937
14613
90339
16013
65752
64744
42770
98420
18009
86291
95206
75959
95423
33383
43794
88059
17831
6015
26760
86214
25658
41748
66846
93675
64816
48959
82956
91625
57996
4436
91948
69934
19050
82287
85947
84802
47032
28718
83222
65042
15009
78429
41001
10433
11812
84795
98492
29644
90810
25253
15858
16469
67002
82705
10144
31819
31665
93101
23444
89661
97538
15392
59596
16588
97679
45544
1390
44712
74262
84612
9754
89272
63042
50755
99705
74855
35550
98197
4499
26361
23451
20357
42830
90453
3063
52975
22272
34728
46076
45717
24390
43614
61109
83986
60203
58789
29530
61593
3501
3793
46206
13255
93065
9248
64011
92770
84103
99562
90968
88603
25923
14419
8960
68754
4873
12024
21729
27146
46752
67806
72863
71143
11421
33973
55130
71624
92762
84661
33218
96263
88454
79424
9519
81519
88673
73530
74290
72777
73092
65258
61380
99016
79678
70341
67771
84552
82365
89500
11699
29118
57307
84563
262
68729
18536
55392
40354
11298
40053
73572
7562
28507
52996
17081
10027
41670
90612
84317
14448
63705
49576
75828
62721
29255
46170
30492
13808
28536
19993
25507
57655
77301
10070
57917
46030
28607
13310
86385
39906
53363
59957
47468
81871
12954
64550
91899
54624
55163
76217
69073
18868
25793
44902
81590
55049
91072
12083
68857
19609
32077
94365
77264
9378
4436
35181
55409
33043
48491
41794
72949
1855
1751
20418
83727
14706
84969
75626
69331
40132
51843
38404
59001
77637
83306
40591
32686
74378
52675
1544
93987
84752
95909
71252
94131
345
6434
49540
33389
54926
91335
6339
56781
93087
26757
40508
7793
11727
16135
77124
51859
67978
15528
10860
45616
98835
51452
78303
73213
4127
79847
67201
88879
75757
38453
83011
76102
44888
32551
9492
99814
23887
15831
56595
16974
42589
97104
24768
54316
13240
1893
6176
81218
17422
17036
26835
16257
68489
5138
89471
72616
84985
56672
61496
60742
95126
44507
36845
40014
77059
46337
39828
947
62169
96424
17921
4758
93529
42690
59075
6769
44583
65251
87988
62005
82288
14823
78263
50777
19961
67734
23394
4947
24406
84891
65689
19533
29399
2535
59548
6458
48873
99377
7405
11042
95802
25327
15801
89331
68017
74876
96101
12601
40128
84089
74607
22416
98913
52870
73193
18875
20604
96588
23822
45011
81479
89512
64545
10878
92047
24093
17337
40921
23471
24743
51963
19273
50070
67765
8605
18088
42642
4706
30690
82770
88796
5297
5186
87709
58168
78380
6585
78772
74968
30407
23784
56448
19919
88329
67326
11967
12423
84664
52889
35894
9407
4853
55168
59477
72618
63773
77566
15260
68479
8256
98031
57276
13554
3218
44986
71722
81599
51571
50495
56568
81978
74280
13016
1898
62610
80343
13866
75033
65007
66755
10928
74414
71609
66096
33892
44227
29869
11459
59488
98349
19716
57520
55626
33270
60738
612
4993
42337
52183
55488
98905
34162
29769
11922
36061
92379
92265
49927
67412
57273
16683
78341
31688
88292
44437
65581
32520
74307
77040
92009
72657
96756
49529
28283
30027
10268
28895
35020
52606
81079
90509
51512
15241
20278
63434
51302
12657
55700
1230
80070
12973
17913
58412
44662
6206
2850
10243
38727
77157
87284
30736
49815
84040
80266
78098
14068
90534
6994
49089
43140
88073
39598
94652
3314
59877
58087
54617
72535
13787
55847
52606
26761
73761
11018
71423
79967
13868
81666
18695
91026
68950
49431
40841
52991
29698
18940
67060
20232
25934
16149
63373
14007
55748
58026
17322
15625
16113
71939
88161
29900
27787
40767
56661
1548
51785
28085
81516
65653
9751
211
56680
78702
49643
97521
31694
79341
16461
98754
99573
42396
14904
62947
56404
70652
20973
73726
86277
37086
45666
74438
66987
73454
15206
23648
75002
66991
51734
56518
32645
61485
56730
89325
40188
6373
86847
71883
85714
3309
70637
85287
45705
85541
48235
2109
56194
69208
75836
42471
6294
21503
16910
73281
94957
32117
96930
69960
99108
48664
26479
31754
10150
83209
21080
50339
89582
7928
22222
75297
11237
92860
60585
56942
78402
8820
59051
34596
78028
34888
77068
84322
56391
93979
57604
51349
26096
54535
21309
25205
3200
47788
56960
13351
30998
78040
63690
20580
85968
85912
95877
97205
78773
56463
54148
57175
65283
13199
91771
43311
48088
68839
27634
4479
62819
85239
55828
88915
39774
77138
14120
42975
24926
71080
56326
55924
49121
20016
76505
35090
5929
72383
32295
84703
28846
86444
41878
94129
99644
33650
37441
47732
2490
65075
52211
65309
50314
8040
54224
90089
85178
68345
33064
10105
39426
89390
66030
88547
9407
42536
23637
15337
14919
55933
40
43766
42377
41919
37896
42021
75569
75337
89754
78059
40413
41965
43368
90728
50006
97593
80817
35185
65938
13882
45290
5364
3273
11320
93912
12681
53856
17549
28018
68776
73483
28059
12543
15860
69978
50439
57882
45547
25777
47636
23607
66191
89602
66975
56919
39609
64569
37737
74794
30508
51620
20084
35872
54893
31405
29784
67575
85262
47334
95593
54038
20817
23653
66582
36678
93631
17022
94560
39179
42799
42197
62786
8991
31800
29762
65911
71409
94331
3648
46203
24839
55269
66288
60712
10162
97693
90497
77738
82955
37831
73331
36994
58649
96984
3576
95327
90616
20598
89888
29795
63398
32085
92581
72390
63885
22344
38301
35294
16675
41950
81498
41515
97219
47786
2227
7382
45479
92724
85120
28435
30555
58452
65429
89205
55437
69006
84532
46053
89605
74420
75849
53004
6506
68430
25394
70392
90775
63695
5686
7450
5646
87185
48965
2865
34971
51192
10247
80450
43917
95368
8886
74473
53820
74316
63678
9257
43322
48210
55311
32928
22631
31160
85932
29137
99591
11327
99529
90366
75023
5216
97816
80669
92401
46782
83534
27373
97975
93782
7824
41892
89150
16710
16365
42971
91026
80043
52228
34349
28254
7540
67278
50886
38700
53211
80023
38291
64538
79553
28657
39561
84770
26474
20230
77172
73256
3765
4545
71231
97548
12369
13124
86699
29079
29490
29670
20106
9534
81899
54456
37788
89439
21734
88674
28140
74945
68698
66431
39484
48252
95089
79045
33023
21563
99276
10195
94820
3042
14740
66052
591
27110
79177
87290
56190
8667
16961
76296
18201
98860
30753
55990
88300
52487
44664
16440
27433
13363
82872
66917
61616
77961
45963
94639
99525
45240
4834
94345
48282
19575
60398
48874
46685
39575
36164
2875
48242
53125
79172
66443
51986
9925
22433
40286
62413
67098
56726
89847
80462
39599
56764
42078
17560
2728
36718
17085
47968
41552
11431
96251
61127
71830
45125
7813
11405
81290
10689
59648
34415
89861
26091
86401
99787
48525
26688
62201
15624
83414
52048
96086
23013
8813
38165
40574
11541
74883
57660
59510
16436
69091
55761
77564
40921
887
85377
52327
82177
96066
11975
16593
85928
38067
2995
85715
86592
29683
47916
2217
13097
99965
98303
36111
8778
36469
76686
20319
11353
34346
79829
27789
3438
35591
5353
44359
36479
90730
96686
18657
86797
8661
35250
72726
46729
38245
58442
33321
67928
6359
35538
81026
6324
33842
17138
15102
70312
93824
35422
81665
28171
15251
9454
31609
50843
14807
75968
87322
5538
72655
5979
92336
81317
41230
65062
28046
79476
23504
61368
47404
29863
96907
28431
36188
30749
45570
51290
1061
39394
86712
82726
67565
1964
92181
99175
52807
6988
75143
40130
12527
47799
46110
4863
29117
87341
69926
57163
66817
93431
18532
14222
23295
15439
42654
59483
46188
88224
10773
47250
27619
97486
29977
95184
99450
22158
94360
52258
29147
69503
92389
41675
17303
38500
46538
46420
25841
16465
3584
92658
9896
22117
6881
33191
37556
49535
92674
83745
37759
3448
30996
65378
935
60973
60563
386
83132
54923
52645
12279
24427
45034
53954
41731
83534
493
88152
9375
16959
91736
2034
26855
13853
8916
60047
51410
58451
52722
35155
96211
56171
66151
61589
57106
27125
22153
57492
10257
77077
10137
22537
1505
55172
76492
43236
38706
76986
31388
48082
93945
23125
50117
20801
36979
59033
80848
88389
17485
33571
23545
13696
89742
89697
75286
46848
16822
97439
4341
27080
74517
14479
49617
76022
69651
26110
19258
8357
3096
50647
56440
97041
73772
6557
17842
10751
65591
98691
99141
83076
32262
22686
96772
22005
12383
72058
68854
29206
69498
73195
56286
44015
87674
5904
20037
57326
32014
39296
65684
35110
89943
22124
32152
63716
28682
49995
74467
94273
48687
73609
77350
80950
96295
74122
2955
8679
46181
71809
37885
15680
45005
94172
59695
32680
76
79733
90006
32091
19030
55690
67202
8973
77815
99354
72690
6497
49350
47157
771
98037
20767
78121
78987
17062
52244
81943
25742
98426
53753
63628
14106
98759
57800
73802
31439
57877
53536
21446
89968
72566
77136
57170
81540
54951
56525
54230
61449
5875
1388
62221
3913
22155
40343
82901
39217
92587
64845
64960
91014
18598
28588
5120
17357
86389
78923
48797
44266
32459
70243
34235
5025
47380
91405
86565
2332
47931
40795
63781
53807
42184
26003
57720
64339
66346
40622
3557
58933
5467
68517
49948
24066
97105
55068
41424
83494
33992
90221
27761
66451
60465
61996
71476
7845
53402
58042
10178
1334
98838
73960
55141
41022
99963
12862
5361
66309
53484
8918
25243
58952
77435
75191
83018
74541
30260
24442
58036
64252
14664
85797
30703
75129
47794
2179
82975
1196
60222
93153
2530
59060
67113
57672
82
67076
70534
5443
33385
24019
14362
58628
82971
91797
33819
65990
66339
64080
90432
24375
28332
5096
10173
59035
80226
57967
61215
63201
59164
21437
56355
61695
80497
23468
19367
80579
90545
89902
86023
23930
13922
385
82559
96893
92183
16379
62883
58523
80459
53316
82898
8791
58413
93072
67827
38639
51040
29042
1840
10204
50479
58195
71900
30977
81664
91268
11557
72209
81170
97580
96140
95093
97966
78700
91986
90150
95079
54870
48673
75539
8187
31572
84331
66600
24644
52158
5239
75684
81200
7080
85889
31680
65276
57789
62657
46941
49058
74214
19151
30228
71795
15291
25321
69761
93991
17308
59911
89071
72179
8585
64611
80367
40157
48942
46967
64801
1100
52207
40486
82301
59288
26375
13981
24565
84165
76638
71506
33223
50852
90657
63452
22648
5949
88774
92409
99941
6083
52321
89013
78263
60906
53624
58630
1064
2566
5597
65865
3667
57805
6352
85968
17093
32728
99950
41658
16893
76588
13165
50117
27441
3822
13570
50089
9772
2345
42499
9713
8428
94821
98726
86692
55727
52350
45322
56792
54917
50920
22658
58584
8725
29010
44553
25819
61738
44503
67478
78632
21092
80643
28750
48533
84466
42320
98623
94238
44666
41123
3952
53095
35944
2678
39787
91672
55029
85109
48464
9946
36030
71122
68530
44756
132
13084
70575
61871
57587
38054
40503
78679
18698
69254
27213
3164
11575
25836
97403
56241
66959
1355
9336
2903
4034
49124
94575
59063
34234
43040
69009
70264
14162
37540
15020
14294
50624
85596
76166
8212
23651
16669
86891
42349
85924
14105
45514
97499
39941
42918
53740
6901
44274
63077
9805
48308
12201
4381
7371
46435
47421
76381
16699
61584
13921
31720
75879
64546
17317
52045
72758
40968
68715
59650
83318
54639
73755
28832
52138
13697
71750
5879
20599
16024
68956
30405
64333
81157
34786
71704
27593
82208
48085
44293
43792
62007
76013
19671
26553
93331
71717
99312
34299
40432
58962
17617
95071
32718
46450
47209
46415
18201
53089
67015
34226
22045
97420
98559
3203
32206
70264
30797
14415
18349
75090
58208
80357
51103
77880
6911
44434
49597
6223
78734
90029
65186
96352
85100
97905
42803
32310
44321
61004
85399
11336
95230
7445
8756
93790
10649
40963
64054
41446
55379
82404
16536
13587
62761
67640
91467
69673
12075
41065
75896
90810
31094
41083
87163
16195
38988
29966
48505
83309
90970
33905
94646
86201
41351
3402
79991
52001
44366
44045
93447
99745
26449
9984
13332
89211
77625
4800
58884
89701
45865
34781
80511
76959
75865
67674
93155
14853
97640
41660
98163
88611
75566
92809
74813
16918
96212
54804
68919
40578
98850
62367
40323
25300
72351
53656
14512
49977
58456
73396
39678
4322
8178
20189
81282
84043
87864
74437
98897
85505
16098
97060
74116
91664
89870
48929
8583
86083
3734
77502
26661
2585
39869
66985
27885
12221
20642
42398
62199
79098
15794
1877
83421
23973
22067
64703
8016
9931
39140
6913
95436
55238
3974
69553
46903
93845
18483
55486
79928
22217
32989
6590
24803
72858
73576
52689
85080
94218
95087
47279
73317
10882
49157
56738
34855
71224
21442
42872
81155
60582
49785
76592
15821
53760
46146
62724
47606
64629
18211
27535
86847
51200
34126
11650
24059
7702
64339
9140
1921
59427
56419
75239
70309
5576
31978
5165
76801
53420
48037
57957
14003
97822
34550
29824
51583
80696
92549
99189
45325
10761
26724
32173
61962
60851
43824
86021
68553
8164
95162
70475
67591
51581
45715
37901
57158
77693
43066
33960
31114
91103
91917
45117
88926
26467
74942
40509
7163
67491
39699
52489
78253
66424
84663
40215
27275
28487
26237
95829
36651
21399
66304
4243
72980
12020
42144
30139
89713
85210
64100
20827
76313
56017
65945
65239
82485
40887
5749
89649
8379
45449
42139
86632
11873
26802
26848
39148
55289
53085
34978
91941
74484
1283
96184
47465
13303
38328
77605
3016
23538
41705
23844
99852
97722
89789
65092
80208
30677
70842
69857
39056
16291
11996
25689
28164
38798
52537
67313
94088
5622
2291
86029
80106
3574
82213
27571
16877
20542
5176
19894
44081
46881
43739
43933
44604
33528
9026
24812
64205
79868
94669
3262
96159
6666
28951
24324
45464
81489
91637
39553
87111
93929
25582
67217
97503
7796
94789
14381
28339
99966
34276
72420
46847
78015
16354
91452
11544
25380
16264
75749
5248
10934
79012
1408
17600
7964
25732
63065
89453
17370
2618
76564
11299
28201
43782
8803
35998
38571
23185
64337
38537
57461
36758
85385
35477
53112
76837
47021
78492
93102
22771
83741
4036
1783
85150
21637
9747
10882
84702
99200
28253
87321
75765
39553
15523
19547
48356
51521
58119
71542
15859
96657
29004
52617
82042
64481
5729
58880
11502
84222
51982
34273
67964
56019
36057
53114
77657
45804
63997
62360
45005
92250
49681
20771
31803
65205
40319
80160
16726
98438
51702
32585
95095
80706
85203
77138
45187
90932
36019
56690
75155
88002
90963
43119
44021
27020
96234
21678
72825
60231
84038
17831
52481
33720
38602
84285
98925
78921
64445
15652
77360
16148
48238
72456
96854
33441
49594
42042
24374
85614
98733
99529
73616
89697
42649
17637
16717
38883
39316
89543
99115
23355
7374
51597
57076
45977
35882
56002
24899
328
71654
2259
16476
19893
74715
13331
53334
24310
55374
77709
9924
54107
77239
83540
43804
19888
1178
60522
58772
40495
50065
57887
63851
57440
9484
20927
3418
45367
76930
28317
45695
48584
30576
62171
68478
5292
75503
21813
29603
30877
99522
39528
84985
76761
23068
28789
96650
24247
89311
55422
64743
39377
13310
28594
96818
22795
49522
236
68162
26452
28554
13858
75037
59131
76029
43515
64423
51533
65328
94027
82410
64851
33555
67395
41612
56624
96185
38262
80871
85497
93685
45615
24875
6996
74209
21693
29791
23732
21930
97953
50184
50484
11811
25222
9615
87841
68737
74039
39374
34066
68066
21785
98917
1621
89181
40530
58245
85367
78792
39117
70864
72478
84732
95739
79474
58942
17432
9265
82674
39363
7219
32859
89847
19031
58081
99463
6872
26819
73503
46247
60885
41569
68033
59803
43191
57215
333
1437
42582
79126
40555
13447
51604
25288
9186
31079
84231
26619
40344
66906
65982
47564
99765
55830
66595
57847
55293
73468
84666
28797
19716
45551
70366
87749
5355
13558
44965
5688
14996
87547
84814
55551
994
36418
80840
10181
67497
65071
36800
7842
31977
2783
55406
31743
58613
22002
89590
13907
95470
74256
42704
15186
19808
13071
2936
25163
26630
47901
30851
41626
35449
15666
97178
36444
52085
78018
46625
19583
43090
83425
27425
75067
86209
82832
6811
44822
4834
96401
58730
305
70657
1435
15491
90465
14506
18428
15629
41136
66329
46481
82763
1778
62147
79941
38222
14232
57960
84848
33815
1050
68274
61241
76118
54483
44074
82929
99306
48908
79330
58036
49214
49988
59471
64705
40453
73978
83133
56083
15114
49463
2564
97877
51242
64711
77819
89465
78943
35779
74313
12759
36829
42587
74000
12948
97070
18074
95877
96377
66983
75208
54414
16197
25196
13886
80903
65649
87864
64037
21733
2979
13500
24297
857
64742
89008
78676
54207
67952
14456
28521
80711
51285
71108
54711
64233
68179
72786
60111
64557
39769
35319
18971
55967
60515
32857
36870
26165
20721
907
47898
23701
14408
72195
24558
79151
61204
3234
33359
29156
17690
61880
9868
68976
32989
64580
33210
1169
37366
93322
65726
77136
28641
84697
33103
89157
17554
69973
15322
38276
70881
63221
61977
85289
35417
86536
64441
96621
89771
97800
25778
7462
59681
35647
76438
92670
227
9649
93839
37593
2971
59566
14729
31613
44263
47833
20770
61818
17806
36093
95
88688
99314
62073
73978
34731
48609
38419
31353
38380
36220
57132
45842
95901
92779
22281
88572
93007
31930
82412
30600
34902
41978
45330
66515
86242
93164
87286
48061
10971
23379
48157
99659
22694
10230
73638
57426
58840
12058
88780
97220
48278
45912
43063
44180
38692
65344
32752
31700
97275
15164
62301
32178
57143
7631
98693
43385
795
85980
91447
11766
9359
39604
11426
32053
49835
85064
89479
8675
97122
78259
5895
45401
24172
48958
89581
62865
14303
22333
94565
11578
37498
56866
43756
94641
64498
42450
38027
65294
28430
29474
77061
37790
69079
88487
69844
18914
73552
59323
27589
70675
37583
33485
16076
61756
82444
5657
24621
96747
27991
19187
8326
65489
76053
52083
60131
40551
94534
98159
5846
22965
27634
82907
60755
96713
71394
30599
15628
44947
89923
43217
15622
27507
76703
31698
89263
59147
37356
13885
55895
65347
33072
64222
30837
9126
16305
90969
49678
10840
89128
55524
33805
16762
38431
94560
13476
9826
25160
29104
54773
15084
72322
70396
42592
49025
2094
31856
8173
39450
45742
64068
4798
78814
28291
35635
87941
44596
26604
37619
55436
15733
93143
89242
32496
31575
83803
45972
41401
8963
75077
96175
24048
47399
66571
66641
96425
68666
98497
4598
8116
44239
68667
12914
23054
96958
48550
10995
41555
75155
48614
96992
90888
41758
86234
23384
73333
70037
69357
14735
79001
44434
10911
3050
91834
77482
69691
88259
46148
68189
92858
54265
12429
61526
67180
35483
58485
15730
46478
41
90885
95093
97033
81774
36852
83268
5159
10186
53306
74516
24921
32307
18950
35832
35358
10785
13315
5050
99044
59463
73239
91903
13729
85668
53429
80909
21152
11914
96640
67630
11955
87526
62724
8989
69300
99576
92257
74459
9762
45564
48976
34684
77872
67927
70517
13230
78712
83832
18280
77756
43296
91520
69660
57025
77188
23089
37935
98340
35004
34575
65971
46959
22101
28696
55949
91402
28273
48207
65862
38036
93771
14838
72720
71643
82765
43238
84873
61478
27070
3154
39235
70367
94674
8895
27392
71863
31984
65327
70204
66988
99903
36176
13948
22004
64872
69898
13406
93145
18105
79268
31182
11877
94107
3903
83520
76873
47141
68394
38351
74212
71549
77586
44579
66223
86481
71972
38087
18465
37300
8291
85454
37203
44468
99403
59208
9340
69301
72615
2486
87407
51883
33669
99284
45991
37572
82804
22864
84713
51199
61215
58926
22748
38801
3505
88972
25283
75477
27059
43749
12777
35351
29204
49980
79819
28607
9189
89160
97909
81804
91647
85316
33688
25316
84601
79679
62889
67405
2543
47603
18605
63759
6529
41353
2561
10034
30325
27844
85511
57385
71593
98289
92736
798
48270
72556
29405
57459
61717
27315
39263
53364
12631
72951
78681
97232
52631
41570
64638
55174
89173
83243
18934
95702
24596
21495
5737
54922
49339
91249
12307
20933
89538
5044
21731
37808
77600
51137
95268
39317
78452
34532
92682
91084
7483
71363
88317
60114
12934
52955
15289
2108
36199
34223
97811
60796
55719
3548
15718
5058
94797
28026
25992
84335
33070
47724
22144
10670
98861
17413
49988
77314
51945
42670
68398
59429
14034
56715
19544
26969
9671
34833
29077
45871
69057
26889
6667
24776
30437
22385
29835
25234
50411
55828
9570
83482
3552
31715
94152
2414
49128
44141
79729
1073
86811
48128
60503
846
4843
80047
27816
14515
14881
56894
60386
83938
83783
67053
8715
14220
89439
38550
39455
39851
94379
49025
23333
97931
80740
17486
346
29869
61627
80075
30943
48439
28203
91446
49286
33047
71493
77102
47563
86375
33997
7949
70314
17780
75003
79029
32001
64443
17580
71456
4295
11959
20482
27629
9891
1222
45115
10237
31092
6743
90313
62035
55182
18516
53482
4468
51564
24976
81571
99127
11351
15568
7077
81665
33349
82081
60694
65350
46524
78275
36806
50820
90234
57288
78449
125
58511
23565
10363
89603
30308
676
51639
85491
19192
5121
89959
70757
30097
71531
69884
41449
87100
76961
23114
20449
59043
83809
85799
5567
62085
22606
56388
52319
79894
34837
52445
38406
58403
62808
28009
88711
63485
79649
74202
82678
84771
64162
53435
14868
35694
23319
56318
22794
281
79433
43243
59324
63242
29043
64892
25328
51649
21280
77647
31544
56118
30093
69950
14522
92902
97960
3233
56387
77610
77436
39065
62381
41599
92500
77250
77293
15820
33568
87
16101
13001
43331
75426
76244
72375
40319
1572
24025
61600
79220
55569
17718
9313
25520
32240
2216
23481
35474
58603
1091
12911
97669
63472
54510
90169
40722
31803
5990
74290
31891
22092
87292
75223
97518
63536
47598
37837
65109
71624
99437
44329
27194
17156
53643
52714
49397
55859
76195
84872
14462
77286
97783
12131
40759
52293
2301
81481
84097
8291
55772
15988
30383
43064
91211
27902
6601
38810
65740
71710
10435
65178
16039
37629
82334
69682
90343
31732
25541
66539
16604
40004
43826
14387
52136
84585
66681
54438
66066
50778
62730
21838
66767
93113
64903
57979
21016
71504
96789
86756
43214
7225
51935
59254
44854
34269
28936
35197
66002
54478
1737
82606
94483
45563
96994
46620
30148
63675
1058
96215
14454
63788
18054
81221
56902
82957
39200
77919
54462
35990
64676
97677
43216
16611
56931
88070
50880
85868
23268
16882
40347
25005
99489
34830
70568
96483
81450
717
60159
82509
96932
74614
46298
14987
55836
3200
97945
95037
81119
52407
31028
45795
50084
74244
62406
7016
62314
13287
92884
85582
30170
33231
10587
29660
68062
81156
26144
49513
81873
86304
32022
78806
60918
78320
93794
16754
81521
91739
11792
62641
44147
42820
8437
94231
17064
70844
1248
79379
84131
94132
64961
14302
27363
75549
43962
95425
56705
70107
44938
38579
56411
76961
17386
17329
55282
11180
34084
36803
2919
45877
99444
47066
88697
7882
41298
5762
78726
42546
85141
62858
36678
50103
77160
64042
25652
21123
59468
82358
91230
4407
20938
47642
81368
38324
64972
36651
49504
99056
73454
52424
44934
72899
99490
33631
80781
40788
39394
59508
83335
24536
22366
20014
74639
99527
84056
292
20651
43525
82651
11882
47932
3589
59524
29301
41913
24496
65952
91418
23553
39407
43842
68487
12307
43333
2119
93089
84122
41513
52597
67457
66049
74964
87471
40689
74491
71528
40981
95142
15053
23633
7025
62986
27222
66549
92287
69136
91045
58240
60555
14599
97647
4397
83086
9955
47730
85206
3044
31852
26719
55642
99310
92769
30606
86781
33458
5098
58310
74440
241
73363
98074
7266
36349
25296
73815
28637
94433
64861
86877
54988
79460
84525
59386
62547
94480
7117
47753
97525
38970
74473
53168
38280
67242
83774
25062
701
88872
83372
75142
89113
56736
73216
96379
93085
98513
70195
21723
92946
35056
8600
47935
14517
93126
7322
77064
87607
14439
24818
85132
53410
99291
38300
91690
66533
22075
16753
67235
10947
125
42377
61
56861
15593
96441
49947
14106
66636
71670
7053
1693
80271
54989
16211
73397
62311
93275
61004
76751
18094
46136
30161
17385
84437
21852
83919
6512
38605
51154
17460
38731
93531
17522
95593
9125
13963
45541
23231
80600
17211
30285
82294
97482
85274
98505
70880
47586
91781
31884
24338
9875
78021
54500
27261
62459
76353
11180
68972
14959
62334
86432
53690
55865
3955
49284
64990
17919
94825
88222
98519
12037
18508
80814
9519
3783
79320
80400
51370
71101
12284
75708
80977
90306
30208
8238
52765
6562
19419
21737
21521
81753
8170
75212
37619
12125
24496
2610
30044
19321
90832
28564
31358
9341
9379
40878
13124
88699
21278
64494
59801
33563
40202
40778
23869
70411
49017
76634
76974
68436
98372
98495
50190
6542
73707
87809
18667
98203
90419
48712
17525
81252
77276
48884
90594
86656
89763
3718
75355
11041
68212
35156
44605
8415
75935
68475
78827
24952
45109
55801
93389
43482
54297
43579
50024
28004
31389
68692
26208
21809
17404
43734
3062
94681
92618
93656
81337
82381
97375
56693
93423
65588
91849
38028
74003
67784
6503
52831
92737
51613
8633
86126
95096
62930
29706
45120
90935
61096
13813
17143
82905
31218
60878
85968
25900
53496
79625
7238
35878
77000
63931
29301
42588
55780
67330
16592
23565
73834
69423
16302
25448
78057
2429
20544
40987
32135
65665
31923
93232
79478
49067
76138
10696
9945
62106
36597
63442
41731
43835
99320
18731
7766
28621
61320
63547
95952
77912
87112
69787
47336
3414
95235
25393
5844
15779
66381
37979
81445
98304
31211
60923
47372
7350
71620
57317
69456
8217
20759
11188
52053
20079
29919
59819
48701
91240
23366
44654
69152
10479
14441
16488
13894
9676
41882
19738
25456
8263
57718
6901
6568
88930
67825
53940
96280
39446
11258
65736
47664
32017
76924
99717
52097
6844
59537
799
98084
82903
45453
67237
93383
59895
83726
7277
69571
25608
27015
95028
33871
84733
1930
40440
73663
69756
94380
69943
9202
5639
35679
56867
37657
12604
56584
89754
19449
16121
90554
17534
99025
36008
84771
92408
95903
68497
99685
65475
94105
26701
60503
27977
11434
62433
68418
85097
32190
62799
55041
41392
68438
90721
98260
6095
3325
54845
95850
22775
70966
86405
40309
69992
22413
25081
62401
18316
93578
62086
83792
87684
88787
44295
15662
222
6729
84080
85320
38919
46879
40361
80312
15318
31082
78572
21413
34408
33417
17264
57183
4384
3669
97493
74376
26083
22574
36777
44400
16153
98864
28192
3838
87652
72487
19500
87874
79216
3581
73195
18136
50461
13556
98448
65779
44639
77021
87193
79047
10438
4458
36231
14823
8127
33725
89199
34210
56299
25977
78610
72453
24842
6802
76291
12494
79290
95791
369
58507
99373
73564
76643
49834
87121
75092
15614
31760
52113
2808
10808
62552
7266
47039
77375
15394
80765
66575
49605
37064
92553
28216
9517
17395
35018
85809
29890
14309
81600
30259
72816
80974
3824
49460
30809
90945
24552
46423
22706
76666
49232
33514
39218
56498
80554
16594
71893
61319
83169
21498
98383
75722
49714
7901
93118
84733
93710
23008
99042
75311
53268
71859
56286
57093
21320
87095
48038
45873
33519
70744
22539
82751
4259
61758
39250
84813
78352
11143
46132
61522
32641
44516
37245
82355
52418
30363
67089
46128
53372
66131
21440
6640
37991
77726
63733
59311
64822
11772
5184
98341
82517
27724
81093
86776
89483
20343
71590
67835
31487
17722
29358
64129
62239
66603
46484
14657
96967
13574
60786
50339
79705
82226
56980
17697
59953
20714
77008
24775
32487
82193
23116
15005
9918
4209
1781
99401
24553
73372
67237
56040
91094
96595
20169
53333
63199
66654
67991
60166
80228
28777
10506
59934
11003
67487
77631
70956
88201
54640
95731
20689
36834
18848
35694
46752
23058
37476
46154
47611
10848
13391
3652
1943
9987
23822
55277
73186
90476
23268
33353
70705
52045
43859
30640
63049
11347
8272
34005
99549
62913
29737
20238
99747
48585
55932
46500
71644
93409
92655
19255
4257
6046
22907
6200
16033
46729
61478
89220
37206
84746
22573
7912
36792
66433
38552
99841
77780
46824
33846
77329
9738
63584
97567
9485
12170
53500
55986
83814
46909
48641
3070
51167
54688
25978
57368
70722
72708
18846
59942
9915
3593
82516
17827
40385
48949
56379
40226
26730
3204
74073
4059
12942
37657
1627
22428
49828
55128
78415
33643
2038
27057
36713
53205
81745
62691
10573
52467
35399
29420
12410
45314
33013
94926
63142
73398
43876
19522
13625
70606
22727
87698
74666
35669
25356
76294
58098
75184
31422
36513
8827
33460
63570
45541
86666
45316
8233
97239
97784
43632
26659
10194
88947
59673
5121
52090
33071
48997
71612
46696
19603
94339
34395
94269
30009
59751
70563
88107
34936
1986
24621
43764
35446
88192
89305
22112
33508
97538
19352
31292
41171
46012
41487
30119
5685
46608
82209
38757
95605
53821
85454
15209
48161
19849
9478
78170
79601
80042
66278
14537
82028
90899
58301
17475
79092
47607
39588
12601
45145
58940
43893
86317
4953
85381
16436
10639
31989
98646
49396
27595
52467
34851
42804
629
54701
52283
78799
34303
32325
45078
48840
14354
35978
7142
31829
15070
54750
71418
27671
99896
30358
71565
86213
35312
56947
2650
45951
88936
1296
95348
16532
53764
30199
59336
54393
84901
11619
33193
19204
43944
78272
68045
58299
14250
75187
90128
29321
29938
61546
56993
29834
91905
28558
16047
27218
85506
18698
73169
74442
19994
68517
90975
73758
98717
50311
28152
83618
61930
61346
2822
5875
39618
70867
64174
53868
46055
54303
83189
75993
15850
40182
5827
7756
68741
21875
34974
54247
40573
8144
28690
60568
76661
19665
34327
75378
69977
62479
58997
31908
23825
61819
37783
63443
32687
1958
17312
78742
56262
502
54736
72113
40685
60564
79870
9427
82439
14844
63675
23013
22989
92365
83582
99650
12031
17909
75029
82009
80388
34026
13917
4214
95846
51700
67658
28534
53659
84970
7276
9922
85472
62013
82035
26157
22577
61905
35584
5017
76750
99259
28031
99739
91625
11613
99390
3657
29522
74420
85666
9911
8447
99583
14125
4293
51284
81783
32828
4944
66754
40105
14866
52227
2118
96902
78385
24695
58807
13970
29713
35558
13230
57745
35298
4855
69358
34689
8513
98881
9109
94180
8793
17556
93763
22919
21850
45048
4702
54678
49993
71457
94783
64859
23684
96901
61761
2069
21597
20569
16039
51311
56128
29269
9056
91427
34125
78415
26116
42639
77296
35225
36819
86089
52781
30583
9008
74632
75631
13711
29310
25624
85169
24093
90484
8853
20995
52246
10923
42593
72816
26963
93904
28944
56232
2960
20371
90358
81376
46487
32997
58672
81713
69816
44762
34495
399
53771
9127
76031
67483
38437
1656
52652
62531
92140
61506
83526
44386
72429
26120
17202
99392
20024
46147
55625
22985
66519
45983
4361
13007
78981
63034
94720
48797
7796
29215
49197
61568
38342
25228
29051
76780
26884
81703
39311
19025
43209
22838
63411
15639
48958
80614
15032
68982
26762
70657
91968
93281
16641
96329
6288
95622
59364
1009
44420
67160
30224
93618
28729
68567
18846
57780
45347
45731
39484
84658
64756
82694
7496
28168
98333
56455
8783
13365
25438
35545
84023
17406
28827
665
13736
35116
96288
73100
36125
40708
40261
66350
34326
68990
34917
53173
26771
80265
98904
66255
64923
63661
48949
72420
91830
47283
28876
613
60649
54314
36159
44672
71720
64987
45337
85457
104
41625
58557
36230
82334
98819
2580
16661
67810
37498
69834
94581
17763
68739
60836
82687
32401
9786
55108
24231
57069
83984
24845
17718
38299
61005
62391
10020
25992
7728
95477
26096
49354
54035
62327
31689
52854
64907
48350
20665
2406
18185
15246
20170
86925
76083
2858
19327
85869
57967
43558
42938
41952
68404
60657
80251
29409
23048
90271
55402
30777
85749
81498
80132
39784
43825
11821
92639
8733
60172
13304
11140
78358
28551
31310
65284
4634
34169
84611
90503
92136
28170
33442
34088
96574
94099
14340
25983
17148
4611
81385
47925
90361
62884
28057
30146
6710
39879
22785
15444
52
36090
26584
78410
64641
57895
43695
69275
92065
28306
59779
84201
56476
93221
18290
53050
87321
32630
79034
4469
37242
60420
52395
27603
23304
80453
57749
30015
20332
80535
45459
20385
16625
72044
98795
81267
29940
42490
50543
22005
70797
10322
6207
27273
3544
24497
80324
90865
57128
59358
95335
94370
19778
47731
21974
43083
28184
79723
73099
48517
60259
18558
68902
76885
90603
67698
58152
20544
10189
8695
42549
80986
19018
48756
8259
22562
73254
88584
13428
30382
47942
8763
24753
67721
56495
46727
10805
84679
26451
83904
33196
86711
2463
2099
63596
93066
69797
21749
13610
79986
30444
56160
60972
49462
4917
69232
72025
78172
57816
85453
8554
5759
94217
33308
73480
50712
80036
84285
35391
6488
68189
68588
93199
70652
70688
56795
63719
40485
78544
77330
20472
8989
33490
81444
58452
38407
50677
30477
16579
8494
15930
25134
14253
10147
58443
87734
60859
38479
72020
96251
44967
40210
64840
38166
10863
35528
94962
74582
76014
73507
51913
96486
82496
85403
77931
40948
23811
28608
71426
40391
37103
87356
65526
51356
97504
23969
39091
58363
62449
11111
54615
7416
51322
19456
45583
62185
54984
40546
36768
30998
14053
88681
27485
96550
74085
5416
37499
97897
34025
8925
38288
71128
96281
3815
22485
93786
27785
61576
52150
90234
72688
6765
97651
24010
26221
43235
86196
81206
83781
22964
12205
97834
11646
39690
94384
85731
45106
31884
83628
79131
40809
21917
50260
37091
25733
72745
30877
53518
34322
83027
43753
7011
89793
41404
31022
16015
84640
17218
97221
68421
40183
9426
66256
51830
49116
60641
37561
94223
92525
21190
73355
33334
43108
23615
70425
68842
96360
1303
22360
30683
84330
66114
37694
74123
7519
68717
90138
92159
85936
87360
60580
26119
96787
26837
77949
45903
87478
15511
40127
80003
36702
13482
13337
79811
37097
83763
48653
33458
85066
71014
64141
69396
37129
1836
43520
44648
70553
33659
36808
56489
21020
97389
82609
17807
24226
60559
63711
11704
76071
3838
91707
12774
17320
5044
92585
54418
88807
41239
87876
73874
12254
52018
43271
49383
53855
86792
94032
24409
20451
30840
80899
41472
28229
63508
59279
52455
24068
22990
64159
139
26828
55866
12913
44149
60911
5499
98567
49719
46739
86444
23593
58993
38463
66865
8377
92318
53657
2410
16727
74109
33250
97626
15581
61480
61135
74860
13935
85203
97851
78095
85343
24679
33962
98257
68829
94873
3757
67397
44593
50496
53842
68187
9490
92305
35052
17868
84624
88709
20278
1351
62819
53529
98978
78400
15009
60114
53260
28944
45318
51111
7040
30662
75791
41002
28919
44621
35876
32677
12019
80470
83173
65861
48657
92664
58166
83710
10533
42790
72420
30811
44142
35239
84340
43121
13639
99350
3236
66900
28294
48554
18012
35335
79216
93804
76337
8136
38425
12214
40813
50444
92684
23987
16305
41342
16651
74472
25052
27184
17263
97472
57996
61406
32712
42337
4527
46351
41687
7763
13252
69982
56318
31264
5317
35534
25068
81655
43670
63494
93869
84484
13938
86553
8471
30244
27896
25123
4717
52948
52308
21980
50421
10304
83387
83133
52642
87915
29485
94329
95679
42737
64312
51997
74002
69629
87532
99070
51284
31203
62565
45154
15687
76504
31708
24158
6748
59604
49281
11466
12552
1590
33447
62974
11894
16834
46107
64537
4749
75593
58866
429
18330
23178
52426
92333
92808
39959
91404
44093
71162
53969
89247
86850
30473
20955
11009
37222
80560
60291
48688
93112
61881
82136
56087
73775
98970
2195
38313
3720
77788
97179
4149
96119
20358
56576
88452
13167
96535
79856
57260
67698
33826
46508
54548
64299
67464
65557
1521
48024
25848
50210
41137
87729
32346
97224
61505
31317
99419
99819
35037
77208
96998
39187
73327
17357
95764
61780
30525
92299
41636
87786
59998
75462
34295
14546
39762
1759
80104
41284
49784
5953
91495
90921
93683
23841
88146
55189
55159
87566
55008
90197
64775
52007
29384
38102
69365
25148
99882
99890
17448
41519
87676
77446
16982
21972
91993
56745
23731
72097
98029
73515
78050
89525
64437
71734
13367
52584
26923
68526
40151
81931
58723
4926
33938
88108
43029
3303
13257
42912
3194
30706
84432
90871
8152
1415
12843
146
58160
36575
72243
56190
10091
50294
45715
74529
22028
59082
27113
48952
27609
67265
30883
86333
72192
64822
74441
15221
68126
87699
58133
71320
18405
42565
62192
26558
43981
75036
26704
2141
11611
98948
58332
21702
49242
4047
96231
71271
63130
23345
20223
90740
90611
51107
77073
62803
15930
51515
78024
84056
39214
36158
55377
57620
78724
17569
84178
22705
92606
10882
24847
4217
9830
83179
25919
59073
87227
22151
30345
50358
45497
50569
41098
36108
1677
18171
98911
17607
69686
76936
1663
8900
13095
57041
66521
91819
74611
50699
14525
67217
61582
39372
71434
71413
22552
97354
30487
9779
19505
60832
60137
65002
11402
1235
1110
13079
19407
22
30686
89093
76958
32349
97994
90053
89391
64515
81873
64002
15215
96398
31219
76797
35771
2653
48210
58324
8
78697
68103
19513
39530
28241
84516
50932
29477
85626
64011
48884
85649
94697
37978
62607
27047
35973
52661
16438
489
34535
80440
15704
30934
11660
92501
66706
14314
40712
25030
14322
19409
93134
33835
58939
21375
18351
9872
50853
3978
73883
99738
89627
68581
37717
52235
95628
73690
4897
12066
74179
39432
92507
89883
70366
4167
82385
37072
18481
23097
62103
32803
42507
55237
66639
1447
76613
84991
11319
27466
88969
85202
27205
78597
53783
64922
30833
49412
38612
35731
61479
12791
75163
53986
2675
45530
58154
85060
82603
76636
8158
44706
9440
50665
99944
76079
52112
76557
61070
63431
4024
50040
48634
31229
28638
2418
96151
59471
51830
34763
95202
13309
47555
70366
67296
50231
15897
25451
35292
98501
2087
43450
43208
11527
94115
43152
87607
46228
19709
48678
9660
23733
98719
58294
54962
27357
60713
51113
86829
12543
85877
82032
25853
33433
52399
93150
83664
68296
18601
18956
66798
20688
62406
10006
32216
56522
53158
19824
2751
72867
68502
12411
96601
67221
70706
51564
94579
31419
2678
81409
43962
88555
63441
69816
21989
15841
62966
5653
84137
81567
24610
50935
2256
87017
60941
34473
43540
14100
54297
46291
86968
22799
58702
83569
90021
29408
35133
84600
60827
37812
66009
4790
26368
29451
74607
48357
45292
37573
54011
29430
19141
78621
80366
21398
65638
41308
55871
9178
55408
10168
55469
42376
32968
14172
25946
22990
43580
61080
7590
4408
98892
73600
9199
25260
3052
83806
73617
48344
21380
27628
77775
40521
6250
58141
61919
71888
99449
17791
81067
54857
27959
36536
97234
60928
50708
23180
83918
94289
84260
91509
98698
83153
65110
7897
8413
68162
91703
82031
16507
13083
9660
94282
53605
15910
52424
15525
87799
51874
33316
68866
6732
61276
5403
3966
22204
56112
27147
6123
50401
11407
97632
49099
94560
62743
56997
2974
30905
48700
85006
47413
61784
94666
41696
15390
10577
94120
30915
98376
45994
64232
67242
52726
25508
72646
56692
47713
28758
83839
53836
79159
95247
51469
28259
89808
14212
85256
92783
45118
33957
77789
92531
95742
72455
34227
11133
83033
28347
42048
81409
74342
6281
48652
27068
31789
21298
83761
79503
50056
67601
33340
29216
62849
84810
57476
52657
99022
42733
45440
44141
76691
23229
36672
72433
95685
70900
83566
78718
99248
25615
60128
73590
31896
8780
659
63686
30079
84420
43189
80136
52022
76529
9353
14871
61339
66829
67528
60362
9562
12969
4503
86253
36199
41176
58687
31884
12076
42254
10603
11324
67869
70732
84915
99765
79513
85574
63452
9592
69995
6641
89729
22017
83171
99082
36888
44511
65911
4416
4874
75474
17386
9377
61728
53585
50554
20415
85470
62631
62669
96074
73955
30538
66806
58871
30304
46319
44445
93757
55912
14440
398
45641
36457
83570
44723
73346
28082
10635
77763
32956
86109
95149
42334
47837
48734
92888
68253
34205
55519
30922
30279
29475
61461
97085
88346
91766
43405
32792
85523
99317
47233
85922
44958
83691
69493
89682
57037
97575
317
34800
30531
86427
29949
72865
34265
78684
65754
2518
12889
21273
33440
43168
50749
94902
40253
39096
86668
83659
71888
72192
82976
19121
58115
27935
2812
27608
17617
59849
25183
17935
94650
55714
4362
24599
28580
38628
3283
94334
41146
16172
15607
74587
59341
66357
69489
99595
5453
56158
83254
77341
28351
66230
96463
86466
94165
99276
14074
11783
59126
39257
29718
53776
94971
34081
78376
23551
72709
81660
17885
13855
97832
33493
88443
57174
99850
57932
56769
5304
14091
40023
82646
42442
6254
79109
28908
420
78386
42982
12203
37513
82240
41922
91289
77212
76003
69666
764
48713
51326
18649
62569
49159
52143
51012
6333
51994
8945
63103
57298
23036
3126
39944
65479
9381
19054
94387
9801
97440
37370
22005
34953
19610
63927
26243
96822
39930
95910
97586
88643
47236
16236
51212
96395
68380
2225
2729
20374
11170
65832
77673
34207
68959
17618
99686
78340
36672
94074
88142
34113
31445
10147
69067
51055
74074
95311
47878
14005
91221
45465
2648
38457
61702
53861
34853
30082
56086
37582
50457
67257
3414
28131
1464
72373
45749
1150
50714
82421
95225
38856
16534
26670
49003
85602
77726
23077
80913
25605
37082
72134
71070
39731
10591
32772
93593
45444
62855
49680
83026
13312
16937
86441
41443
18401
58814
87193
19552
9528
69614
14778
48384
86149
41448
97388
71751
19175
20465
52664
44780
57548
24798
15850
97280
35390
48623
90873
80834
11478
40553
63861
24791
57490
50302
66235
75892
9117
53428
95445
18645
23042
10223
67030
9192
51671
64418
80943
70846
84884
33608
15626
42433
58406
31477
39713
93797
80100
30587
74631
91579
71141
38493
16370
28632
88796
82606
4524
97913
36034
99969
16558
59077
10192
83588
68269
61864
48006
49213
32711
32891
82822
48338
75324
41229
79815
15037
35026
59916
45624
9658
51496
16766
48151
67867
45398
36947
50473
49922
34860
86507
49892
51419
45585
60084
35008
13855
21949
83015
63069
54660
15906
45891
2998
91230
87120
82813
6268
22146
42730
51893
31805
94226
68659
79956
62093
14057
16904
12567
63979
51765
99075
13871
3184
44660
73956
38192
58516
95905
21207
21585
50565
37114
67476
53564
28344
54597
36377
34612
76743
79108
86505
8548
73335
55164
88505
35429
69222
5410
47996
33201
57175
47071
47073
60360
91732
21030
98553
50248
16936
19760
71834
67502
56874
39311
21066
85219
93908
57444
19831
70652
36553
6337
79201
9888
61502
67706
45317
30724
73117
93314
63926
30292
40386
11000
90653
32118
32030
89206
82367
48967
8967
54201
16469
65842
93512
37536
51061
87421
94980
70893
58073
31533
77231
37274
41422
38733
4981
86739
69458
78098
80053
33384
8391
20439
44384
99044
52558
76415
88250
34926
25382
97218
89127
41852
63060
82640
79388
14121
70062
74369
85014
28135
5903
62245
65410
47325
979
70392
34064
70437
48491
14118
3821
56882
34558
48206
55927
87116
24622
44178
22042
50004
41396
11170
91857
4456
93811
71245
18578
63873
45615
3593
92009
51518
65838
57420
98843
66818
27812
32908
37255
76303
47027
41077
33186
81585
89284
89113
68702
13906
33292
90745
63911
74688
1915
55768
79145
95727
27014
97723
59601
72630
1316
51611
24148
67155
9031
22992
33974
36843
55900
71230
13147
2927
12308
46333
84513
1592
35446
53215
15499
68738
43960
79410
43427
45876
35179
22573
41604
62194
20296
1205
34824
21613
52817
58973
88769
61848
81965
22743
98692
37865
93973
11839
40793
6281
58172
25306
7873
93619
78522
23373
62358
22482
2784
5786
68359
37964
28359
9963
158
48655
11169
34983
70269
63986
93956
59038
25835
75921
81781
24528
13787
75755
36367
54581
82036
94540
79887
89910
88160
58409
13283
50518
80892
16067
56305
49251
54031
84664
59215
54190
33320
70384
89173
3589
34371
83129
62628
60206
59050
44409
84734
72838
20164
21102
27419
2201
15643
7307
92111
3803
65717
5395
54322
46609
21463
10627
95861
75495
95291
55076
29685
28612
25461
18859
32201
59832
1988
94829
20038
61039
39239
4773
33878
59404
25875
61297
61606
41519
68604
53717
45322
34321
59113
99645
80931
80576
10272
76792
56071
5564
31869
85757
34176
57330
4616
66378
17162
6605
61208
37201
67645
448
41974
1523
59852
67850
62820
21459
9369
31425
75176
54692
65747
34290
54337
46678
14866
64610
23471
70937
70175
55341
56695
4351
12671
61311
70729
29834
67917
31937
67036
35562
32385
9010
37085
92238
76861
99906
13697
86231
31332
88874
40924
97079
23165
95261
43757
38031
59872
67229
8969
30047
22570
65664
34399
35242
26976
5128
65077
94893
37066
32113
30456
69452
41124
67541
61691
17985
67448
75389
4217
98780
64264
45141
95859
87429
40403
39617
25460
275
6847
34430
30323
29417
95
64722
64660
27071
69851
29737
21965
6917
61850
52421
76370
2974
19963
38061
20960
87412
13451
25178
86192
77715
70319
82052
65144
10723
21670
90605
10998
28517
25036
41322
57935
25131
6044
22595
52203
75895
52332
74168
82813
14183
26590
59183
17157
46553
97245
38118
33965
10696
63296
20158
88411
33616
2211
53556
44339
23882
44162
55338
52400
69198
96660
10335
94329
2705
32931
46532
78600
85264
20701
61414
99447
47291
20597
16605
93845
17843
54724
27811
28539
18020
47970
16951
51637
50181
70508
95976
74064
14670
51315
26464
83868
47975
36800
78198
50680
69732
24731
29281
54996
45432
90695
54444
92724
11293
71049
86569
29137
25773
14380
57676
43794
62351
74628
95432
12533
45136
91409
86597
59806
42724
13062
43675
90700
49863
21874
41381
19595
46605
70662
74592
92038
61358
29036
84762
72652
85
71332
1789
25859
85713
59466
69654
48064
34095
65086
60597
79231
56495
47195
39038
99219
60257
82714
89919
10120
4588
31300
29716
51193
1963
4308
43231
63322
33344
27994
35974
33430
99326
37764
59289
85040
97230
28943
33104
31325
94029
93702
10557
50524
40897
49596
49744
1154
32310
39664
11275
36898
70964
40991
88092
72928
45299
31324
36250
78644
59318
72225
12074
58645
9989
71364
43685
7220
307
76790
38546
94337
70492
49103
44862
11390
98699
94606
12544
31010
34270
23820
67908
5235
64812
56000
78163
10112
87325
14414
88756
46643
86639
831
5289
96629
72195
48975
3850
72502
25766
42396
66840
96259
91500
11702
7649
90200
6308
20194
21210
40578
44014
89119
45813
8826
45120
23977
18938
32445
38392
7695
79089
25031
8526
84378
21661
80721
33354
25511
53224
59120
67908
20064
55379
59409
31766
63028
49609
38075
83222
70820
78653
27237
59939
24467
36064
5059
48445
55002
37504
86837
62698
16593
11869
71224
972
33531
51946
34326
59043
5171
93446
26951
25235
48826
86360
57002
11854
35970
95077
95077
6790
73731
22315
66729
98199
58379
71789
46644
13382
9294
33482
76080
25888
45352
47305
26860
78883
99251
61187
37927
4423
54634
64878
29658
3460
51239
86660
15315
87210
81738
10393
94000
55469
32708
60730
53669
91087
32519
314
4470
41814
33796
80550
67702
79149
27856
94562
58033
27108
55750
95960
31531
10384
60838
61189
13844
12078
47850
29160
99288
29589
39553
93289
85058
72261
54020
38728
63349
86540
39042
67819
28354
72839
48370
96056
51988
76226
90619
10021
3335
46369
5981
34866
56753
66820
96056
70598
78898
43906
99759
78187
73496
39312
71477
58555
11574
25497
97283
74924
12037
36325
42744
40391
9164
91114
36447
61152
67341
27067
71174
70676
73436
77155
5542
30190
43975
1599
789
22874
45505
548
1062
19002
39860
72539
77557
51435
98036
74840
26359
10074
11165
69103
50465
20330
60218
86913
81483
27559
13980
52657
98236
87417
29813
3779
17607
73789
5378
18396
96664
50884
18945
97726
69886
58806
70266
47443
10241
68303
22283
36601
78377
33449
5705
28842
53780
65923
15755
35263
93483
29736
87921
91720
17153
17734
95499
34761
91523
877
53158
88187
51762
72103
85914
21648
30909
56180
69092
41151
24484
91375
77753
2861
24825
83458
31703
78605
49382
47459
13869
42866
77196
1790
34586
94349
19525
30086
29111
11048
30963
82269
99236
82726
54372
85151
4374
85282
41332
73466
26434
65816
64842
4187
68677
89668
87645
381
68274
37027
47841
82143
79894
25037
83934
14480
19387
3459
44566
48498
14508
75530
30767
13745
58256
85140
98896
62631
70423
40228
36097
96857
6045
940
1044
74722
90608
88690
75104
58882
25718
22945
41026
5612
47983
24961
20093
67370
28420
64659
15869
42929
40190
46637
56674
98446
31778
55571
61077
2201
95800
97175
99059
1845
98115
104
76568
88724
88794
51672
47607
14513
74618
88633
20125
22601
13594
40218
89972
42015
4878
5841
84944
45068
52478
41619
43515
84256
97190
4593
86458
92990
1769
85517
94835
99884
85621
71404
88609
74416
23076
36216
88929
97695
24850
9054
20296
38445
49273
10268
80460
54152
16110
65405
99220
68589
7024
42736
52845
4214
47330
39304
97205
49099
24821
92040
48984
10443
63445
37593
84860
86521
73810
73789
84217
98660
82844
4513
37105
32118
14782
17566
86270
30893
82971
85491
99482
89996
28227
52327
94210
75557
91632
91415
24657
16454
83456
73641
26897
46901
11234
11758
33423
85044
85547
17640
83705
68392
22154
20811
510
36937
38377
86781
67830
21348
72272
67312
11344
500
19640
5555
76058
11273
96971
715
27727
80428
74357
54625
27330
85592
66383
60754
70637
51931
78395
54342
20323
549
75153
20834
37487
13530
7616
5318
34879
79889
72630
46224
80389
92271
51780
56448
3544
48752
57164
31272
29180
31521
85897
56510
17113
52281
17264
87750
4212
95659
42093
24536
96209
17246
45371
33696
30777
52987
39014
65657
32876
11645
11882
13266
3917
63662
69715
7462
12414
26879
38734
41595
58401
24632
98105
75515
76913
15370
63265
81125
11029
5359
5662
7239
22605
51033
40935
53383
4021
79950
19041
36897
91596
30923
50164
95514
94586
19879
2976
7001
46759
41711
48596
5160
66343
46702
80675
43257
62072
43941
24382
73102
49300
30045
80341
71906
81078
21277
25290
85099
1228
44331
21997
92824
75255
72162
88338
69841
92042
91315
76842
38801
33026
25439
43962
99370
72141
24638
42627
34213
68580
67010
7315
17880
97055
87656
89787
78134
8934
15077
63234
10162
59409
85232
2986
34664
57395
91325
4505
49437
82641
81348
88239
15668
6787
32201
15038
78928
56840
57666
13142
25420
24677
20457
43301
21733
8114
33088
99868
17048
48166
63103
27210
7575
48335
30197
42239
5730
21523
46745
55168
4164
28093
43407
19833
34881
75609
34872
13810
32449
92538
26952
57870
17216
47409
1171
38950
55524
34259
38818
72572
82426
1921
99783
90001
50257
29981
32241
55988
51505
78987
11156
55670
7080
54563
75503
41962
30173
10375
55772
62622
2913
82724
20492
20130
30134
21664
59080
85658
55924
97899
58230
38350
99821
58014
28351
50079
87996
60593
6067
39501
39580
17223
95171
46661
71787
70674
88623
1960
81049
44396
64583
83963
27120
85076
4094
57254
6740
63175
42913
62664
61074
1144
1014
60896
59158
29366
10975
47154
89960
17042
86656
29540
34266
81827
76201
6053
52502
64825
8013
33552
9221
72596
17515
36342
57672
21610
93597
64413
84785
36510
27077
45860
37654
28092
6756
96813
57459
17731
43968
47419
34774
30624
76959
69040
12452
53161
75093
64954
17986
83107
98507
27208
55704
16023
63550
13377
37633
57148
77790
22418
93658
4868
68278
31312
32961
75034
28125
90420
92766
72093
37839
27541
2718
14799
96582
15170
67960
71676
80125
85947
54783
78632
13156
10488
94655
76707
23865
32289
33855
1656
54707
27513
6524
22985
58826
39485
98020
86952
29906
90787
59046
67745
18329
61764
82545
14911
76935
50505
86587
57061
36453
41371
35694
49609
51859
30350
26316
75725
62639
60171
77381
17346
87685
83906
40332
46511
23392
38353
33464
53298
29141
92510
21044
47470
54275
3589
62381
31210
54094
48969
88272
90548
90340
23966
40157
42200
54316
66473
17925
16956
26645
95307
34302
14330
79213
74635
60842
2605
12988
94307
55903
42129
86817
76948
89600
41093
80537
51981
72303
34632
951
60576
25180
91292
84542
65338
33492
38859
31812
51418
55815
58457
46725
90118
72788
25939
64754
33631
28544
77742
27938
84448
19872
14755
61396
9472
55848
41934
61454
28152
76566
62405
88729
1747
53697
73271
67085
87190
12131
98897
38608
67946
57354
85334
58065
30143
11273
22819
63774
39818
562
91712
24266
20434
6468
85663
29907
62317
27597
91362
90470
4164
53768
79199
5911
7466
52470
72996
94656
64601
71894
33265
32548
29249
18600
90613
59392
29873
13433
23167
69691
13995
14879
93958
34430
21348
79622
64338
83665
7219
55700
74136
11384
9469
53335
17295
16935
5806
90292
11592
70408
62186
44858
2956
91436
63458
93570
50828
93332
7003
73995
63023
20998
88875
56982
55429
10223
36604
19767
93889
43824
75467
68025
55208
84937
21360
72504
1872
27167
62796
13465
97575
24983
58323
532
16419
21781
94102
67248
15113
1106
41244
78137
22105
30120
35120
77534
40344
71725
97301
34233
15549
72769
2259
70758
57706
23620
43262
59579
50787
6059
73044
48363
31043
31367
48895
47462
53149
42998
14711
68263
44104
55955
46400
66210
86075
81520
43744
26419
53245
41046
60653
68795
13816
62912
39554
71522
86533
82816
31102
37320
88876
