84018
39438
78309
79844
91164
19755
33522
76822
27777
55396
47739
62887
36478
51340
95222
91619
63571
71729
14160
60696
1630
24288
13723
80417
15667
40094
12979
10880
99892
21825
51293
83911
61263
29603
63755
52428
49358
97277
29251
77135
52674
76991
40022
89152
28331
35245
80772
91902
6975
94932
52599
8605
19221
66322
89023
34889
6417
2002
45770
6309
23827
97063
90220
85091
26666
53976
37520
76024
51253
66772
53160
3928
43763
93183
93080
72095
28429
73853
63997
35404
68786
16597
44010
88007
82920
33033
22896
89337
35036
68666
95646
58864
65730
85867
43955
92396
39843
81476
68421
91097
